results = [
0 2 80 6.6372e-07
1 2 80 6.4842e-07
2 1 32 5.9323e-07
] ; resid = 0 ;
lnz = 5 ;
t = 2.0017e-07 ;   % dense solve time
